ans =

 Columns 1 through 12:

   1.00000   0.99954   0.99818   0.99590   0.99271   0.98862   0.98362   0.97773   0.97094   0.96327   0.95472   0.94530

 Columns 13 through 24:

   0.93502   0.92388   0.91190   0.89909   0.88546   0.87102   0.85578   0.83977   0.82298   0.80545   0.78718   0.76820

 Columns 25 through 36:

   0.74851   0.72814   0.70711   0.68543   0.66312   0.64021   0.61672   0.59266   0.56806   0.54295   0.51734   0.49125

 Columns 37 through 48:

   0.46472   0.43777   0.41041   0.38268   0.35460   0.32620   0.29750   0.26853   0.23932   0.20988   0.18026   0.15046

 Columns 49 through 60:

   0.12054   0.09050   0.06038   0.03020   0.00000  -0.03020  -0.06038  -0.09050  -0.12054  -0.15046  -0.18026  -0.20988

 Columns 61 through 72:

  -0.23932  -0.26853  -0.29750  -0.32620  -0.35460  -0.38268  -0.41041  -0.43777  -0.46472  -0.49125  -0.51734  -0.54295

 Columns 73 through 84:

  -0.56806  -0.59266  -0.61672  -0.64021  -0.66312  -0.68543  -0.70711  -0.72814  -0.74851  -0.76820  -0.78718  -0.80545

 Columns 85 through 96:

  -0.82298  -0.83977  -0.85578  -0.87102  -0.88546  -0.89909  -0.91190  -0.92388  -0.93502  -0.94530  -0.95472  -0.96327

 Columns 97 through 105:

  -0.97094  -0.97773  -0.98362  -0.98862  -0.99271  -0.99590  -0.99818  -0.99954  -1.00000

